0.01
0.011946308724832214
0.01389261744966443
0.015838926174496643
0.01778523489932886
0.019731543624161074
0.02167785234899329
0.023624161073825502
0.025570469798657715
0.02751677852348993
0.029463087248322146
0.03140939597315436
0.03335570469798658
0.03530201342281879
0.037248322147651
0.03919463087248322
0.041140939597315435
0.04308724832214765
0.045033557046979866
0.046979865771812075
0.04892617449664429
0.05087248322147651
0.05281879194630872
0.05476510067114094
0.056711409395973154
0.05865771812080536
0.06060402684563758
0.0625503355704698
0.06449664429530201
0.06644295302013423
0.06838926174496643
0.07033557046979864
0.07228187919463086
0.07422818791946308
0.07617449664429529
0.07812080536912751
0.08006711409395972
0.08201342281879194
0.08395973154362414
0.08590604026845636
0.08785234899328857
0.08979865771812079
0.091744966442953
0.09369127516778522
0.09563758389261744
0.09758389261744965
0.09953020134228187
0.10147651006711408
0.1034228187919463
0.1053691275167785
0.10731543624161072
0.10926174496644293
0.11120805369127515
0.11315436241610737
0.11510067114093958
0.1170469798657718
0.11899328859060401
0.12093959731543623
0.12288590604026844
0.12483221476510065
0.12677852348993288
0.12872483221476508
0.1306711409395973
0.1326174496644295
0.13456375838926174
0.13651006711409394
0.13845637583892617
0.14040268456375837
0.1423489932885906
0.1442953020134228
0.14624161073825503
0.14818791946308724
0.15013422818791947
0.15208053691275167
0.1540268456375839
0.1559731543624161
0.1579194630872483
0.15986577181208053
0.16181208053691273
0.16375838926174496
0.16570469798657717
0.1676510067114094
0.1695973154362416
0.17154362416107383
0.17348993288590603
0.17543624161073826
0.17738255033557046
0.17932885906040266
0.1812751677852349
0.1832214765100671
0.18516778523489932
0.18711409395973153
0.18906040268456376
0.19100671140939596
0.1929530201342282
0.1948993288590604
0.19684563758389262
0.19879194630872482
0.20073825503355702
0.20268456375838925
0.20463087248322145
0.20657718120805368
0.20852348993288589
0.21046979865771812
0.21241610738255032
0.21436241610738255
0.21630872483221475
0.21825503355704695
0.22020134228187918
0.22214765100671138
0.2240939597315436
0.22604026845637581
0.22798657718120804
0.22993288590604025
0.23187919463087248
0.23382550335570468
0.2357718120805369
0.2377181208053691
0.2396644295302013
0.24161073825503354
0.24355704697986574
0.24550335570469797
0.24744966442953018
0.2493959731543624
0.2513422818791946
0.2532885906040268
0.255234899328859
0.25718120805369127
0.25912751677852347
0.26107382550335567
0.2630201342281879
0.26496644295302013
0.26691275167785233
0.26885906040268454
0.27080536912751674
0.272751677852349
0.2746979865771812
0.2766442953020134
0.2785906040268456
0.2805369127516778
0.28248322147651006
0.28442953020134226
0.28637583892617446
0.28832214765100667
0.2902684563758389
0.2922147651006711
0.2941610738255033
0.29610738255033553
0.2980536912751678
0.3
2.255140518769849e-16
-3.469446951953614e-18
-3.469446951953614e-18
0.0
-3.469446951953614e-18
-6.938893903907228e-18
2.0816681711721685e-17
1.0755285551056204e-16
2.983724378680108e-16
7.563394355258879e-16
1.8318679906315083e-15
-3.469446951953614e-18
-1.3877787807814457e-17
-1.3877787807814457e-17
-6.591949208711867e-17
-1.9081958235744878e-16
-9.54097911787244e-16
4.85722573273506e-17
-1.0408340855860843e-17
6.919771295257893e-06
2.3683703332878087e-05
4.154792188199377e-05
5.762017299800956e-05
7.61269602629483e-05
9.502144568139179e-05
0.0001143680800471357
0.00013788493079088318
0.00015262040463829424
0.00017401097161257387
0.0001994854003862928
0.00022106443825550132
0.0002490277794878065
0.00027193783780364925
1.9012569296705806e-15
-2.8145888397723695e-15
-3.3931191190106347e-15
-3.9065972678997696e-15
-4.3515538394878206e-15
-4.727121472036799e-15
-5.0176876542629145e-15
-5.2024357044544445e-15
-5.278763537397424e-15
-5.220650300952201e-15
-5.0176876542629145e-15
-4.6351811278100286e-15
-4.062722380737682e-15
-3.267351667002316e-15
-2.226517581416232e-15
-9.22005527481673e-16
6.739400704169896e-16
2.5821358939914774e-15
4.8199291780015585e-15
7.429820647608665e-15
1.0468622496651037e-14
1.4053428559757108e-14
1.837419105754634e-14
2.3708032065306028e-14
3.04044983634455e-14
3.8852168010583554e-14
4.9359388104575075e-14
6.203674726701358e-14
7.665526199907013e-14
9.250196095211827e-14
1.0830008764783905e-13
1.2231838805720763e-13
1.3265430420794644e-13
1.3785804095500787e-13
1.3740571180864691e-13
1.3185242828117616e-13
1.225976785368399e-13
1.1126212798306945e-13
9.922293021935591e-14
8.737867200625526e-14
7.598544189690859e-14
6.484396353201305e-14
5.348542789218591e-14
4.1481141438426405e-14
2.865871602530934e-14
1.523954573645625e-14
1.8062808193608504e-16
1.2663481374630692e-16
8.283304597789254e-17
4.683753385137379e-17
1.973247953923618e-17
-6.505213034913027e-19
-1.3444106938820255e-17
-2.211772431870429e-17
-2.7755575615628914e-17
-2.938187887435717e-17
-3.0899761915836876e-17
-2.938187887435717e-17
-2.7972416050126014e-17
-2.5370330836160804e-17
-2.2768245622195593e-17
-2.0708261494473135e-17
-2.2508470781668066e-14
-2.0168220392358105e-14
-1.8036462080817106e-14
-1.608695815447092e-14
-1.4322744379402508e-14
-1.2735038718014735e-14
-1.1318528579662424e-14
-1.0040904739605505e-14
-8.90964819283413e-15
-7.90437593850557e-15
-7.011969130332751e-15
-6.22299520941505e-15
-5.5230884969670324e-15
-4.905147468758919e-15
-4.358709573826225e-15
-3.875589085766684e-15
-3.449118161219511e-15
-3.0722494860635496e-15
-2.7401041505226154e-15
-2.443032755261587e-15
-2.1837458057116788e-15
-1.9522144317773993e-15
-1.7472460110690147e-15
-1.5662384583725597e-15
-1.404963385215341e-15
-1.2619029085558786e-15
-1.1338586319853405e-15
-1.0206137150692296e-15
-9.196744928108291e-16
-8.296586074402201e-16
-7.489126506443622e-16
-6.768945213370126e-16
-6.121405465853158e-16
-5.542441505745899e-16
-5.022024462952857e-16
-4.5550043771547255e-16
-4.130810277169772e-16
-3.752694769515452e-16
-3.40954478192379e-16
-3.1027155671103923e-16
-2.8215006286219646e-16
-2.565357865372264e-16
-2.3349649037190945e-16
-2.1234099548128604e-16
-1.933267998813215e-16
-1.7580338226852454e-16
-1.5952002089050787e-16
-1.4525598605874546e-16
-1.3172378769341075e-16
-1.1911316117468873e-16
-1.0833890208561403e-16
-9.756803112832835e-17
-8.797284190183163e-17
-7.908153705450324e-17
-7.063492450448336e-17
